434
16920
10
3385
-50
0
3485
-50
0
3585
-50
0
8493
930
2
950
4280
0
8493
4930
1
10
16170
0
10
16370
0
END OF ITEMS
800
-100
0
1900
840
0
2150
800
1
4800
100
1
5100
50
1
4800
900
0
5200
900
0
780
4860
1
50
4600
0
150
4600
0
250
4600
0
350
4600
0
450
4600
0
550
4600
0
1301
4165
0
1301
4565
0
2301
4565
0
2801
4165
0
3301
4165
0
3301
4365
0
4720
4800
1
4770
4800
1
4840
4800
1
934
8565
0
934
8465
0
934
8365
0
934
8265
0
934
8165
0
700
7600
1
1620
7600
1
1640
7600
1
1760
7600
1
1350
8900
0
1450
8900
0
1550
8900
0
3300
8900
0
3400
8900
0
3500
8900
0
3400
8900
1
3300
8900
1
3600
8900
1
543
12904
1
2610
12904
1
990
11700
2
END OF ENEMIES
false
false
false
END OF INVENTORY
true